18 17 38 
456 248 2 
69 104 450 
315 16 74 
258 385 63 
304 272 217 
85 84 367 
243 112 427 
248 456 266 
88 95 430 
118 117 438 
260 466 48 
121 128 421 
132 137 230 
443 444 78 
228 110 434 
325 308 430 
363 420 162 
419 351 345 
363 456 80 
94 2 284 
185 40 1 
411 352 238 
272 310 437 
130 226 45 
202 214 383 
291 408 260 
457 440 429 
128 121 207 
306 307 467 
337 151 193 
318 403 467 
74 42 83 
37 11 355 
179 180 36 
438 440 331 
136 138 404 
34 127 416 
426 322 197 
215 138 241 
53 225 209 
224 223 304 
183 191 204 
246 247 147 
65 55 137 
382 256 171 
16 315 106 
150 135 315 
205 187 4 
277 355 309 
236 174 232 
313 314 64 
260 387 225 
247 225 347 
378 379 263 
50 205 35 
122 193 198 
408 407 336 
243 190 9 
293 276 28 
217 174 134 
343 399 158 
463 464 257 
164 167 109 
429 358 217 
2 370 180 
0 37 328 
41 74 456 
218 115 412 
55 8 55 
440 344 269 
38 41 336 
402 317 437 
254 339 104 
145 23 70 
127 234 292 
168 6 38 
83 84 293 
120 231 427 
426 423 286 
341 464 200 
112 232 286 
160 159 384 
274 1 201 
111 123 210 
422 430 135 
107 9 446 
417 351 163 
396 377 244 
8 417 349 
376 435 50 
412 357 241 
369 395 353 
359 467 358 
433 416 336 
167 37 290 
410 432 277 
304 271 55 
108 67 4 
205 36 143 
223 53 370 
29 224 112 
340 345 6 
228 24 381 
192 187 58 
316 402 382 
140 176 154 
52 63 166 
71 162 233 
214 210 370 
30 160 57 
7 33 251 
170 176 83 
32 211 358 
105 52 354 
375 321 320 
274 354 88 
467 260 128 
350 349 265 
314 17 61 
405 321 341 
409 291 41 
245 188 104 
19 141 411 
85 86 265 
204 43 119 
290 460 449 
197 3 404 
169 170 161 
236 196 304 
395 369 180 
139 34 436 
184 42 78 
326 391 123 
205 101 350 
16 85 333 
260 445 139 
17 315 54 
417 285 170 
39 73 4 
37 0 123 
102 129 198 
302 303 334 
99 240 99 
64 102 452 
383 264 242 
120 119 187 
30 225 48 
121 120 17 
337 9 353 
361 366 137 
118 50 209 
249 390 6 
287 273 169 
62 191 300 
368 383 432 
372 353 453 
321 307 310 
420 429 407 
224 225 133 
370 19 253 
225 46 143 
13 312 373 
319 318 281 
355 277 461 
320 319 40 
63 105 244 
120 230 301 
72 73 293 
321 405 132 
408 409 338 
151 109 122 
335 424 258 
114 47 133 
106 43 289 
443 259 279 
57 43 252 
46 70 360 
371 355 244 
47 114 126 
91 77 22 
48 115 449 
353 342 416 
4 274 15 
24 23 183 
109 67 196 
89 88 223 
462 370 290 
181 91 380 
313 18 19 
90 89 227 
329 371 34 
8 285 267 
153 145 323 
346 280 228 
140 211 425 
245 233 97 
195 3 458 
276 342 75 
185 74 211 
222 221 59 
422 432 423 
12 268 0 
244 245 131 
171 32 247 
454 356 218 
233 128 55 
405 320 296 
201 32 45 
354 274 39 
3 196 69 
266 426 20 
137 132 321 
285 295 429 
315 403 254 
260 467 446 
411 376 249 
215 172 65 
191 80 431 
262 369 282 
134 220 273 
193 189 416 
444 445 228 
456 419 444 
406 418 247 
17 314 214 
423 358 52 
272 311 118 
180 84 195 
439 344 451 
15 16 90 
6 196 279 
198 217 319 
418 406 219 
77 76 24 
80 81 298 
141 97 254 
418 262 413 
21 68 82 
284 298 266 
231 26 394 
248 195 401 
119 230 226 
383 276 351 
314 405 65 
394 434 326 
211 169 451 
22 153 34 
7 110 261 
371 423 235 
278 344 179 
336 285 182 
66 52 10 
341 256 278 
257 442 267 
238 20 271 
414 362 455 
189 243 81 
179 86 198 
456 363 192 
107 66 226 
27 222 121 
279 294 108 
150 149 466 
447 372 447 
56 221 208 
28 159 397 
368 264 169 
221 65 165 
281 195 130 
298 284 455 
427 434 344 
379 394 372 
101 120 194 
253 254 376 
351 417 452 
194 204 9 
410 322 235 
367 397 411 
193 244 384 
313 17 338 
403 319 348 
8 55 213 
227 93 131 
393 391 278 
120 232 409 
385 386 280 
58 177 386 
208 201 387 
137 177 322 
55 107 324 
11 37 394 
330 348 46 
280 347 453 
12 38 48 
414 463 339 
59 235 268 
237 241 54 
92 39 146 
238 242 43 
301 298 398 
220 44 337 
131 115 195 
416 364 111 
326 327 425 
53 52 203 
358 279 51 
367 364 107 
445 283 110 
89 90 253 
235 64 108 
119 118 309 
269 322 356 
316 403 292 
399 437 202 
117 50 380 
205 50 184 
445 260 76 
186 185 261 
392 290 113 
189 190 286 
429 437 237 
165 98 218 
50 117 223 
175 148 131 
68 21 252 
60 166 188 
339 255 218 
181 83 352 
46 124 253 
424 335 146 
69 107 406 
460 294 214 
391 423 66 
110 144 339 
273 287 51 
373 374 12 
173 56 158 
111 117 204 
151 9 462 
156 124 197 
285 9 171 
164 393 257 
389 368 156 
412 351 220 
311 268 354 
179 85 27 
196 174 296 
173 190 168 
425 411 269 
347 348 361 
131 49 112 
211 194 68 
234 34 414 
452 256 137 
276 445 197 
142 36 35 
237 44 288 
273 375 20 
77 91 462 
247 130 92 
200 18 56 
46 225 372 
436 410 18 
235 240 114 
198 209 129 
192 135 26 
297 337 262 
51 195 271 
179 88 450 
84 85 36 
121 232 406 
323 366 118 
191 183 288 
161 160 7 
239 79 290 
22 230 184 
442 295 125 
426 436 38 
127 139 100 
378 395 76 
427 436 448 
255 446 142 
51 5 376 
462 250 449 
64 240 11 
431 262 433 
190 56 316 
116 143 317 
206 36 138 
149 176 389 
102 64 128 
147 215 253 
467 342 297 
270 322 229 
129 203 112 
345 352 417 
61 184 207 
202 43 405 
39 165 215 
329 349 200 
448 449 136 
274 4 97 
56 190 454 
229 118 60 
415 308 282 
204 210 119 
188 122 254 
342 445 396 
419 399 29 
236 134 300 
352 345 53 
192 213 197 
363 360 333 
6 122 321 
350 277 168 
0 164 276 
226 247 120 
111 116 450 
40 92 66 
224 29 425 
236 3 292 
139 70 186 
456 420 415 
78 96 257 
417 465 408 
63 53 330 
261 446 275 
441 413 391 
346 261 450 
180 85 253 
349 451 328 
6 197 369 
35 111 300 
437 420 299 
31 226 70 
49 131 414 
104 103 154 
262 396 46 
167 164 169 
77 90 154 
197 6 35 
434 364 11 
465 351 180 
295 285 181 
143 156 421 
425 436 443 
327 358 376 
259 260 314 
217 114 248 
375 291 320 
336 299 96 
281 363 282 
124 156 341 
125 237 140 
32 194 19 
439 289 452 
343 437 370 
429 360 259 
121 100 428 
32 171 391 
279 429 379 
380 252 434 
309 457 419 
413 285 272 
29 30 66 
328 326 418 
171 199 269 
156 70 295 
73 72 182 
221 56 47 
49 209 387 
176 170 96 
401 288 352 
218 166 431 
82 13 151 
342 467 293 
427 425 141 
423 391 189 
162 127 263 
376 352 222 
230 118 28 
50 187 183 
187 192 130 
92 40 358 
35 143 85 
195 281 457 
386 257 350 
383 368 448 
317 14 54 
160 30 114 
460 328 175 
367 365 240 
262 428 428 
327 328 42 
38 82 442 
73 39 228 
100 142 366 
451 256 19 
370 2 432 
308 292 178 
459 461 63 
417 464 195 
356 368 329 
326 462 222 
172 138 128 
382 362 306 
292 325 216 
143 116 450 
296 295 201 
262 418 316 
114 174 248 
162 71 84 
369 400 329 
188 245 334 
274 19 301 
76 183 358 
286 258 447 
438 392 13 
168 122 47 
138 136 431 
369 377 341 
146 76 107 
238 79 461 
441 258 390 
90 180 270 
176 140 160 
114 128 467 
141 2 181 
232 120 219 
207 212 421 
439 455 290 
269 303 441 
261 448 260 
414 398 422 
4 5 28 
175 152 31 
133 155 46 
406 313 436 
134 236 399 
247 33 397 
338 151 113 
194 106 323 
185 57 68 
43 202 126 
454 447 171 
245 193 28 
435 433 104 
273 291 216 
437 399 250 
113 46 75 
358 371 341 
200 428 148 
200 199 235 
232 231 18 
55 189 211 
228 117 232 
453 464 415 
416 433 426 
118 101 175 
366 352 315 
367 433 333 
0 267 451 
25 31 360 
325 292 441 
92 206 364 
62 183 214 
133 243 388 
350 357 151 
419 456 430 
423 426 27 
321 335 377 
167 97 61 
79 20 464 
195 51 189 
85 179 271 
344 439 74 
347 450 112 
460 327 202 
123 147 343 
340 261 30 
357 350 47 
255 339 291 
268 12 81 
101 100 42 
404 403 168 
61 185 175 
79 239 406 
266 330 122 
108 9 238 
293 283 207 
130 33 224 
408 306 186 
18 200 52 
9 8 446 
202 57 321 
379 364 342 
385 258 373 
77 62 258 
42 41 290 
187 50 346 
416 367 81 
277 437 86 
284 333 111 
415 407 44 
439 392 61 
109 108 24 
277 329 294 
436 322 424 
360 363 255 
397 367 30 
139 71 335 
348 330 431 
189 193 100 
169 135 414 
407 272 220 
200 208 372 
271 268 383 
198 134 163 
349 452 274 
307 306 190 
5 4 276 
374 252 28 
437 277 341 
280 330 79 
226 130 57 
105 69 117 
301 389 200 
132 58 1 
89 96 421 
48 64 31 
72 12 210 
172 215 213 
417 168 354 
290 392 106 
300 293 143 
119 101 297 
171 148 73 
273 424 91 
299 333 11 
50 123 263 
233 244 44 
351 465 95 
113 35 280 
292 415 107 
2 167 145 
429 420 156 
291 306 213 
43 204 460 
319 404 456 
413 417 307 
223 27 129 
214 207 203 
232 112 427 
457 459 260 
433 367 200 
11 0 438 
300 368 179 
232 233 342 
449 347 210 
19 125 115 
206 216 26 
70 63 150 
69 67 406 
328 327 293 
305 460 165 
303 270 312 
421 262 275 
258 384 333 
269 393 52 
96 62 168 
58 215 435 
358 327 413 
125 241 2 
49 102 240 
372 383 206 
144 110 229 
9 151 77 
325 307 407 
195 197 302 
170 140 56 
363 275 86 
209 217 204 
386 258 147 
387 259 139 
432 410 141 
225 53 31 
117 111 91 
134 51 236 
419 412 285 
282 443 40 
318 402 405 
34 234 221 
405 406 294 
116 123 438 
196 3 363 
467 466 335 
226 31 228 
449 448 196 
61 43 194 
237 125 246 
53 224 272 
280 352 412 
231 230 269 
37 72 339 
157 173 456 
47 121 240 
39 37 184 
362 398 392 
293 298 165 
186 92 172 
105 104 88 
395 431 109 
194 32 60 
97 99 201 
343 277 124 
5 281 438 
243 189 96 
323 447 108 
216 92 435 
411 416 25 
441 295 439 
331 279 269 
295 442 242 
18 313 227 
419 248 302 
41 73 256 
304 303 139 
351 6 99 
467 446 329 
402 316 59 
125 44 173 
464 413 173 
319 403 37 
292 306 402 
360 440 285 
425 426 94 
208 199 58 
101 36 305 
126 129 112 
458 459 46 
421 428 178 
301 368 116 
237 239 181 
243 133 258 
208 32 39 
207 216 147 
11 12 63 
128 188 287 
334 293 274 
98 165 270 
455 439 73 
31 111 198 
28 222 287 
409 408 52 
376 411 19 
123 50 100 
421 418 255 
443 442 76 
375 307 143 
39 92 229 
219 59 203 
209 131 460 
347 330 292 
184 74 461 
368 389 238 
137 227 140 
138 192 96 
344 440 267 
126 217 244 
211 32 193 
202 212 420 
457 438 186 
294 331 141 
396 199 13 
298 301 319 
370 326 104 
230 23 184 
141 94 20 
104 63 443 
300 383 131 
74 40 386 
364 367 422 
177 132 334 
394 395 264 
117 123 96 
406 405 134 
91 106 302 
76 62 51 
8 193 246 
100 47 278 
379 365 72 
257 259 175 
354 457 241 
150 169 28 
19 94 72 
97 242 328 
194 211 333 
25 110 409 
366 323 53 
65 66 424 
5 51 224 
138 172 99 
431 424 189 
454 264 339 
445 444 155 
135 138 212 
26 231 64 
203 129 227 
220 218 83 
277 343 304 
41 72 2 
16 15 340 
381 256 445 
17 16 421 
49 48 299 
227 234 182 
27 29 316 
213 192 235 
104 105 382 
302 269 300 
465 412 266 
307 320 226 
446 255 100 
460 455 337 
263 255 181 
389 251 75 
258 441 464 
131 220 433 
112 243 268 
238 239 49 
40 74 340 
31 25 186 
425 330 3 
314 313 448 
316 14 90 
295 336 337 
28 221 314 
67 69 325 
337 338 347 
147 177 90 
218 237 71 
402 403 306 
24 228 308 
61 146 262 
165 203 394 
110 7 5 
112 233 236 
458 461 142 
201 18 25 
251 284 111 
325 318 349 
